<!DOCTYPE HTML>
<html>
  <head>
    <meta charset="UTF-8">
    <title>Tomtom Results</title>
    <script>
      // @JSON_VAR data
      var data = {
        "program": "Tomtom",
        "version": "5.5.7",
        "release": "Wed Jun 19 13:59:04 2024 -0700",
        "cmd": [
          "tomtom", "-no-ssc", "-oc", ".", "-verbosity", "1", "-min-overlap",
          "5", "-dist", "pearson", "-evalue", "-thresh", "10.0",
          "dnarh_interpretableN256L15_f4_b256.txt",
          "db/JASPAR/JASPAR2022_CORE_fungi_non-redundant_v2.meme"
        ],
        "options": {
          "strands": "both",
          "distance_measure": "pearson",
          "threshold_type": "evalue",
          "threshold_value": 10,
          "background_source": "--query--"
        },
        "alphabet": {
          "name": "DNA",
          "like": "dna",
          "ncore": 4,
          "symbols": [
            {
              "symbol": "A",
              "name": "Adenine",
              "colour": "CC0000",
              "complement": "T"
            }, {
              "symbol": "C",
              "name": "Cytosine",
              "colour": "0000CC",
              "complement": "G"
            }, {
              "symbol": "G",
              "name": "Guanine",
              "colour": "FFB300",
              "complement": "C"
            }, {
              "symbol": "T",
              "aliases": "U",
              "name": "Thymine",
              "colour": "008000",
              "complement": "A"
            }, {
              "symbol": "N",
              "aliases": "X.",
              "name": "Any base",
              "equals": "ACGT"
            }, {
              "symbol": "V",
              "name": "Not T",
              "equals": "ACG"
            }, {
              "symbol": "H",
              "name": "Not G",
              "equals": "ACT"
            }, {
              "symbol": "D",
              "name": "Not C",
              "equals": "AGT"
            }, {
              "symbol": "B",
              "name": "Not A",
              "equals": "CGT"
            }, {
              "symbol": "M",
              "name": "Amino",
              "equals": "AC"
            }, {
              "symbol": "R",
              "name": "Purine",
              "equals": "AG"
            }, {
              "symbol": "W",
              "name": "Weak",
              "equals": "AT"
            }, {
              "symbol": "S",
              "name": "Strong",
              "equals": "CG"
            }, {
              "symbol": "Y",
              "name": "Pyrimidine",
              "equals": "CT"
            }, {
              "symbol": "K",
              "name": "Keto",
              "equals": "GT"
            }
          ]
        },
        "background": [0.25, 0.25, 0.25, 0.25],
        "query_dbs": [
          {
            "source": "dnarh_interpretableN256L15_f4_b256.txt",
            "name": "dnarh_interpretableN256L15_f4_b256.txt",
            "loaded": 256,
            "excluded": 0,
            "last_modified": "Wed Sep 18 14:33:24 2024"
          }
        ],
        "target_dbs": [
          {
            "source": "db/JASPAR/JASPAR2022_CORE_fungi_non-redundant_v2.meme",
            "name": "JASPAR2022_CORE_fungi_non-redundant_v2",
            "loaded": 179,
            "excluded": 0,
            "last_modified": "Tue Jan  9 16:00:00 2024"
          }
        ],
        "queries": [
          {
            "db": 0,
            "id": "matrix0_length=15",
            "len": 15,
            "evalue": "1.0e+000",
            "pwm": [
              [0.240438, 0.239336, 0.258261, 0.261965], 
              [0.229642, 0.250125, 0.264075, 0.256158], 
              [0.25162, 0.264337, 0.268954, 0.215089], 
              [0.185594, 0.372059, 0.23922, 0.203127], 
              [0.172801, 0.465901, 0.285713, 0.0755848], 
              [0.150823, 0.781469, 0.00522225, 0.0624862], 
              [0.737838, 0.131576, 0.0179471, 0.112639], 
              [0.0225197, 0.761587, 0.0311493, 0.184744], 
              [0.156911, 0.0217057, 0.770876, 0.050507], 
              [0.163053, 0.0933488, 0.154794, 0.588804], 
              [0.014731, 0.045118, 0.681927, 0.258224], 
              [0.0861019, 0.304893, 0.317538, 0.291467], 
              [0.225068, 0.240972, 0.25329, 0.28067], 
              [0.220495, 0.265926, 0.240303, 0.273275], 
              [0.242094, 0.259933, 0.274718, 0.223255]
            ]
          }, {
            "db": 0,
            "id": "matrix100_length=15",
            "len": 15,
            "evalue": "1.0e+000",
            "pwm": [
              [0.315431, 0.180059, 0.176803, 0.327707], 
              [0.321526, 0.22615, 0.203909, 0.248416], 
              [0.332643, 0.215862, 0.163657, 0.287837], 
              [0.288157, 0.196901, 0.221333, 0.293609], 
              [0.347909, 0.196781, 0.160827, 0.294484], 
              [0.297399, 0.247246, 0.188923, 0.266431], 
              [0.30549, 0.152883, 0.246614, 0.295013], 
              [0.250535, 0.204169, 0.230257, 0.315039], 
              [0.327789, 0.141255, 0.280507, 0.250449], 
              [0.153263, 0.170799, 0.0960802, 0.579858], 
              [0.00264097, 0.493618, 0.355456, 0.148285], 
              [0.0295509, 0.00662771, 0.107963, 0.855858], 
              [0.724599, 0.116513, 0.147091, 0.0117974], 
              [0.0455072, 0.18124, 0.0532958, 0.719957], 
              [0.571964, 0.259429, 0.0864615, 0.0821455]
            ]
          }, {
            "db": 0,
            "id": "matrix101_length=15",
            "len": 15,
            "evalue": "1.0e+000",
            "pwm": [
              [0.195278, 0.202721, 0.305175, 0.296825], 
              [0.229559, 0.196914, 0.116215, 0.457311], 
              [0.438441, 0.156229, 0.0895975, 0.315733], 
              [0.414361, 0.173455, 0.258618, 0.153566], 
              [0.204836, 0.176387, 0.497512, 0.121265], 
              [0.0739393, 0.383023, 0.357826, 0.185211], 
              [0.215524, 0.154247, 0.485106, 0.145123], 
              [0.377659, 0.17227, 0.326836, 0.123235], 
              [0.38999, 0.158149, 0.305448, 0.146413], 
              [0.314044, 0.121489, 0.372289, 0.192178], 
              [0.156953, 0.392361, 0.201601, 0.249085], 
              [0.0662441, 0.536683, 0.169336, 0.227737], 
              [0.149016, 0.308459, 0.339856, 0.202669], 
              [0.362255, 0.289671, 0.157127, 0.190948], 
              [0.30401, 0.305269, 0.269802, 0.120919]
            ]
          }, {
            "db": 0,
            "id": "matrix102_length=15",
            "len": 15,
            "evalue": "1.0e+000",
            "pwm": [
              [0.146184, 0.233486, 0.157476, 0.462853], 
              [0.540247, 0.0644933, 0.292339, 0.102921], 
              [0.0273992, 0.723975, 0.0242349, 0.224391], 
              [0.169988, 0.0357468, 0.579135, 0.215131], 
              [0.188307, 0.206976, 0.118727, 0.485989], 
              [0.428699, 0.042646, 0.441641, 0.0870148], 
              [0.251139, 0.300814, 0.144896, 0.303152], 
              [0.218418, 0.19681, 0.372347, 0.212426], 
              [0.151575, 0.320244, 0.10448, 0.423701], 
              [0.417721, 0.155288, 0.274304, 0.152687], 
              [0.236676, 0.261333, 0.233192, 0.2688], 
              [0.277659, 0.213361, 0.266262, 0.242717], 
              [0.165695, 0.189899, 0.320186, 0.32422], 
              [0.436482, 0.199219, 0.269075, 0.0952247], 
              [0.163254, 0.349503, 0.186708, 0.300536]
            ]
          }, {
            "db": 0,
            "id": "matrix103_length=15",
            "len": 15,
            "evalue": "1.0e+000",
            "pwm": [
              [0.247697, 0.272401, 0.255353, 0.224548], 
              [0.298656, 0.223861, 0.21969, 0.257792], 
              [0.261081, 0.254668, 0.232739, 0.251512], 
              [0.243892, 0.221891, 0.21292, 0.321297], 
              [0.232094, 0.198276, 0.229248, 0.340382], 
              [0.235839, 0.13023, 0.0726135, 0.561317], 
              [0.0180444, 0.0526694, 0.85173, 0.0775566], 
              [0.541073, 0.0293067, 0.232445, 0.197176], 
              [0.0443302, 0.785755, 0.0772551, 0.0926596], 
              [0.698594, 0.0131016, 0.206423, 0.0818814], 
              [0.0292733, 0.631883, 0.161432, 0.177411], 
              [0.508571, 0.159744, 0.133115, 0.198571], 
              [0.3254, 0.099518, 0.0600808, 0.515001], 
              [0.261711, 0.182635, 0.116992, 0.438661], 
              [0.220044, 0.318217, 0.162429, 0.299311]
            ]
          }, {
            "db": 0,
            "id": "matrix104_length=15",
            "len": 15,
            "evalue": "1.0e+000",
            "pwm": [
              [0.246841, 0.415352, 0.0270368, 0.31077], 
              [0.361126, 0.253445, 0.126376, 0.259053], 
              [0.137325, 0.498782, 0.2518, 0.112093], 
              [0.242465, 0.23081, 0.148981, 0.377743], 
              [0.368505, 0.280112, 0.269748, 0.0816354], 
              [0.147277, 0.205838, 0.155458, 0.491427], 
              [0.189209, 0.305617, 0.347236, 0.157938], 
              [0.209033, 0.325509, 0.206731, 0.258727], 
              [0.20622, 0.202617, 0.361208, 0.229955], 
              [0.176647, 0.327447, 0.272179, 0.223727], 
              [0.329502, 0.189851, 0.16093, 0.319718], 
              [0.337684, 0.126288, 0.222017, 0.314011], 
              [0.211144, 0.450056, 0.20196, 0.13684], 
              [0.324735, 0.363761, 0.0470887, 0.264415], 
              [0.148173, 0.584416, 0.195823, 0.0715881]
            ]
          }, {
            "db": 0,
            "id": "matrix105_length=15",
            "len": 15,
            "evalue": "1.0e+000",
            "pwm": [
              [0.25354, 0.212054, 0.214732, 0.319674], 
              [0.207189, 0.232637, 0.297183, 0.262991], 
              [0.25636, 0.268765, 0.224537, 0.250338], 
              [0.227856, 0.201761, 0.191022, 0.379361], 
              [0.183365, 0.348607, 0.167609, 0.300419], 
              [0.315497, 0.346057, 0.203559, 0.134887], 
              [0.248012, 0.155138, 0.251874, 0.344976], 
              [0.341244, 0.181668, 0.363138, 0.113951], 
              [0.181082, 0.399488, 0.20416, 0.215271], 
              [0.258493, 0.117623, 0.254513, 0.36937], 
              [0.164768, 0.367138, 0.199182, 0.268912], 
              [0.182817, 0.553905, 0.0575867, 0.205691], 
              [0.73636, 0.039786, 0.179912, 0.0439429], 
              [0.171942, 0.562128, 0.175525, 0.0904057], 
              [0.733697, 0.0983707, 0.0953648, 0.0725672]
            ]
          }, {
            "db": 0,
            "id": "matrix106_length=15",
            "len": 15,
            "evalue": "1.0e+000",
            "pwm": [
              [0.290735, 0.11455, 0.370249, 0.224466], 
              [0.0675404, 0.241826, 0.250784, 0.43985], 
              [0.334838, 0.210197, 0.440474, 0.0144902], 
              [0.0907786, 0.293304, 0.147495, 0.468422], 
              [0.0902323, 0.408848, 0.272981, 0.227938], 
              [0.416928, 0.299833, 0.0684769, 0.214763], 
              [0.239563, 0.199167, 0.256547, 0.304723], 
              [0.106358, 0.41694, 0.0533922, 0.42331], 
              [0.349364, 0.248502, 0.354591, 0.047544], 
              [0.442822, 0.10948, 0.27114, 0.176558], 
              [0.271376, 0.21793, 0.16755, 0.343143], 
              [0.250996, 0.178591, 0.186502, 0.383911], 
              [0.252732, 0.162839, 0.26393, 0.320499], 
              [0.15625, 0.192044, 0.146314, 0.505392], 
              [0.139104, 0.303542, 0.217635, 0.339718]
            ]
          }, {
            "db": 0,
            "id": "matrix107_length=15",
            "len": 15,
            "evalue": "1.0e+000",
            "pwm": [
              [0.332572, 0.178897, 0.255018, 0.233513], 
              [0.334138, 0.17901, 0.229253, 0.257599], 
              [0.304465, 0.142235, 0.198173, 0.355127], 
              [0.287088, 0.103114, 0.226787, 0.383011], 
              [0.181082, 0.295172, 0.199693, 0.324054], 
              [0.146403, 0.119666, 0.348492, 0.385439], 
              [0.104582, 0.266435, 0.230526, 0.398457], 
              [0.093084, 0.553084, 0.139825, 0.214007], 
              [0.188979, 0.0723099, 0.580242, 0.158469], 
              [0.139277, 0.151395, 0.203853, 0.505475], 
              [0.0325781, 0.568089, 0.231079, 0.168254], 
              [0.203506, 0.302076, 0.422302, 0.0721165], 
              [0.350746, 0.173842, 0.363209, 0.112202], 
              [0.281059, 0.261889, 0.240558, 0.216494], 
              [0.251421, 0.306683, 0.265445, 0.176451]
            ]
          }, {
            "db": 0,
            "id": "matrix108_length=15",
            "len": 15,
            "evalue": "1.0e+000",
            "pwm": [
              [0.279392, 0.21634, 0.216463, 0.287804], 
              [0.346817, 0.231031, 0.258035, 0.164118], 
              [0.276249, 0.240085, 0.298395, 0.185271], 
              [0.326534, 0.283874, 0.231498, 0.158094], 
              [0.329829, 0.185003, 0.333183, 0.151985], 
              [0.302823, 0.248936, 0.256892, 0.19135], 
              [0.298274, 0.0654662, 0.522303, 0.113958], 
              [0.38108, 0.0878391, 0.26162, 0.269461], 
              [0.494518, 0.201135, 0.232674, 0.0716729], 
              [0.0604722, 0.375329, 0.00890731, 0.555291], 
              [0.0894864, 0.102177, 0.657048, 0.151289], 
              [0.129933, 0.373022, 0.211022, 0.286024], 
              [0.22872, 0.174688, 0.360824, 0.235768], 
              [0.150629, 0.29625, 0.326191, 0.22693], 
              [0.226508, 0.234341, 0.236263, 0.302888]
            ]
          }, {
            "db": 0,
            "id": "matrix109_length=15",
            "len": 15,
            "evalue": "1.0e+000",
            "pwm": [
              [0.0995852, 0.67384, 0.118332, 0.108243], 
              [0.483274, 0.125589, 0.15256, 0.238578], 
              [0.210951, 0.587531, 0.041895, 0.159623], 
              [0.233481, 0.37069, 0.138241, 0.257588], 
              [0.141038, 0.544159, 0.176008, 0.138794], 
              [0.395233, 0.169018, 0.264673, 0.171077], 
              [0.159051, 0.425375, 0.156311, 0.259262], 
              [0.28127, 0.253061, 0.102039, 0.36363], 
              [0.105025, 0.603987, 0.0546057, 0.236382], 
              [0.223786, 0.263103, 0.243572, 0.269539], 
              [0.226582, 0.44763, 0.13392, 0.191868], 
              [0.264287, 0.349573, 0.133372, 0.252768], 
              [0.244388, 0.40384, 0.09218, 0.259592], 
              [0.289811, 0.254369, 0.220448, 0.235372], 
              [0.158119, 0.567329, 0.0813293, 0.193222]
            ]
          }, {
            "db": 0,
            "id": "matrix10_length=15",
            "len": 15,
            "evalue": "1.0e+000",
            "pwm": [
              [0.306502, 0.164758, 0.225896, 0.302845], 
              [0.351299, 0.133915, 0.176935, 0.337851], 
              [0.306946, 0.189488, 0.261738, 0.241828], 
              [0.30638, 0.201416, 0.171235, 0.320969], 
              [0.152879, 0.174169, 0.373751, 0.299201], 
              [0.304568, 0.119475, 0.44987, 0.126088], 
              [0.506363, 0.379681, 0.0590275, 0.0549287], 
              [0.070662, 0.756489, 0.0356121, 0.137237], 
              [0.72256, 0.047672, 0.0912068, 0.138561], 
              [0.230194, 0.386735, 0.328398, 0.0546732], 
              [0.103052, 0.447329, 0.328234, 0.121385], 
              [0.181731, 0.208685, 0.326197, 0.283387], 
              [0.22949, 0.288278, 0.160704, 0.321529], 
              [0.309794, 0.10356, 0.411523, 0.175123], 
              [0.173344, 0.240299, 0.300593, 0.285763]
            ]
          }, {
            "db": 0,
            "id": "matrix110_length=15",
            "len": 15,
            "evalue": "1.0e+000",
            "pwm": [
              [0.209853, 0.342096, 0.274148, 0.173902], 
              [0.253631, 0.196031, 0.332618, 0.217721], 
              [0.32876, 0.257891, 0.244171, 0.169178], 
              [0.38231, 0.136552, 0.328318, 0.15282], 
              [0.30923, 0.221845, 0.30496, 0.163965], 
              [0.335569, 0.175203, 0.335407, 0.153821], 
              [0.286603, 0.210315, 0.241911, 0.261171], 
              [0.435996, 0.0144409, 0.54529, 0.00427303], 
              [0.0026627, 0.29536, 0.500916, 0.201061], 
              [0.730396, 0.0803033, 0.175329, 0.0139719], 
              [0.549489, 0.144281, 0.176961, 0.129269], 
              [0.368323, 0.171848, 0.103105, 0.356724], 
              [0.0473797, 0.295632, 0.102657, 0.554331], 
              [0.0910834, 0.244259, 0.0751498, 0.589507], 
              [0.167114, 0.300745, 0.17181, 0.360331]
            ]
          }, {
            "db": 0,
            "id": "matrix111_length=15",
            "len": 15,
            "evalue": "1.0e+000",
            "pwm": [
              [0.227302, 0.137836, 0.430819, 0.204043], 
              [0.28592, 0.277959, 0.221838, 0.214283], 
              [0.0795908, 0.707317, 0.0478818, 0.165211], 
              [0.613828, 0.065864, 0.247359, 0.0729489], 
              [0.0325268, 0.87279, 0.0324379, 0.0622451], 
              [0.769713, 0.057131, 0.048718, 0.124438], 
              [0.657926, 0.0558579, 0.172466, 0.11375], 
              [0.624841, 0.0563772, 0.139474, 0.179308], 
              [0.38088, 0.191986, 0.270834, 0.1563], 
              [0.310518, 0.232061, 0.223575, 0.233846], 
              [0.224152, 0.279726, 0.24068, 0.255442], 
              [0.24228, 0.237405, 0.286829, 0.233485], 
              [0.255871, 0.223957, 0.275318, 0.244854], 
              [0.263507, 0.227295, 0.258513, 0.250685], 
              [0.266752, 0.236019, 0.236427, 0.260803]
            ]
          }, {
            "db": 0,
            "id": "matrix112_length=15",
            "len": 15,
            "evalue": "1.0e+000",
            "pwm": [
              [0.256579, 0.28567, 0.225492, 0.232259], 
              [0.268996, 0.231487, 0.260652, 0.238865], 
              [0.253744, 0.30707, 0.217708, 0.221477], 
              [0.206861, 0.221062, 0.285656, 0.286421], 
              [0.245673, 0.194163, 0.270443, 0.289721], 
              [0.297306, 0.20652, 0.258205, 0.237968], 
              [0.343502, 0.00746202, 0.465263, 0.183773], 
              [0.11473, 0.566661, 0.131109, 0.1875], 
              [0.707719, 0.0428532, 0.0729782, 0.17645], 
              [0.742401, 0.162489, 0.019854, 0.0752565], 
              [0.189844, 0.10567, 0.622753, 0.0817332], 
              [0.300924, 0.165601, 0.385579, 0.147896], 
              [0.389397, 0.185661, 0.320693, 0.104249], 
              [0.269852, 0.274993, 0.201054, 0.254101], 
              [0.279681, 0.245591, 0.271987, 0.202741]
            ]
          }, {
            "db": 0,
            "id": "matrix113_length=15",
            "len": 15,
            "evalue": "1.0e+000",
            "pwm": [
              [0.166584, 0.454674, 0.20367, 0.175073], 
              [0.191821, 0.31828, 0.274766, 0.215134], 
              [0.265514, 0.151911, 0.418964, 0.163611], 
              [0.233557, 0.16395, 0.393934, 0.20856], 
              [0.271461, 0.216506, 0.339935, 0.172098], 
              [0.317684, 0.22956, 0.228947, 0.223809], 
              [0.125544, 0.325971, 0.190771, 0.357714], 
              [0.124544, 0.277998, 0.354644, 0.242813], 
              [0.0884514, 0.280846, 0.323587, 0.307117], 
              [0.0862389, 0.264205, 0.158878, 0.490678], 
              [0.0255345, 0.765468, 0.0569979, 0.151999], 
              [0.0440258, 0.440708, 0.114082, 0.401185], 
              [0.602767, 0.0724383, 0.23714, 0.0876542], 
              [0.0986844, 0.228396, 0.538564, 0.134356], 
              [0.496401, 0.124086, 0.308826, 0.0706868]
            ]
          }, {
            "db": 0,
            "id": "matrix114_length=15",
            "len": 15,
            "evalue": "1.0e+000",
            "pwm": [
              [0.218104, 0.399401, 0.160864, 0.221631], 
              [0.337863, 0.218292, 0.309492, 0.134353], 
              [0.293302, 0.323334, 0.243069, 0.140295], 
              [0.335078, 0.168361, 0.34106, 0.155501], 
              [0.266075, 0.118956, 0.398791, 0.216177], 
              [0.380071, 0.172572, 0.301043, 0.146315], 
              [0.622167, 0.311388, 0.0526594, 0.0137856], 
              [0.621527, 0.0416828, 0.250689, 0.0861004], 
              [0.534079, 0.188921, 0.23276, 0.0442406], 
              [0.301656, 0.304908, 0.224352, 0.169084], 
              [0.109423, 0.187257, 0.335879, 0.367441], 
              [0.184875, 0.213937, 0.598713, 0.0024749], 
              [0.0534718, 0.126695, 0.289644, 0.530189], 
              [0.183111, 0.176182, 0.430253, 0.210454], 
              [0.325389, 0.0963533, 0.254333, 0.323925]
            ]
          }, {
            "db": 0,
            "id": "matrix115_length=15",
            "len": 15,
            "evalue": "1.0e+000",
            "pwm": [
              [0.240213, 0.25464, 0.212728, 0.292419], 
              [0.265188, 0.256542, 0.247977, 0.230294], 
              [0.262301, 0.212035, 0.243152, 0.282511], 
              [0.242671, 0.272283, 0.240858, 0.244187], 
              [0.271712, 0.253362, 0.224641, 0.250285], 
              [0.247018, 0.275672, 0.266911, 0.210399], 
              [0.259946, 0.27149, 0.264193, 0.204371], 
              [0.151214, 0.249595, 0.35123, 0.247961], 
              [0.214334, 0.485267, 0.0968075, 0.203592], 
              [0.119849, 0.0944721, 0.768294, 0.0173857], 
              [0.883317, 0.0765147, 0.0216584, 0.0185103], 
              [0.00800601, 0.0596416, 0.0597833, 0.872569], 
              [0.0584557, 0.0659013, 0.86521, 0.0104326], 
              [0.273446, 0.294821, 0.273136, 0.158596], 
              [0.192127, 0.316971, 0.287953, 0.202949]
            ]
          }, {
            "db": 0,
            "id": "matrix116_length=15",
            "len": 15,
            "evalue": "1.0e+000",
            "pwm": [
              [0.28284, 0.24576, 0.232646, 0.238753], 
              [0.362345, 0.167896, 0.235329, 0.234429], 
              [0.349736, 0.268738, 0.14007, 0.241456], 
              [0.431972, 0.0468187, 0.230351, 0.290859], 
              [0.313128, 0.162272, 0.10472, 0.419879], 
              [0.120583, 0.210593, 0.0884298, 0.580394], 
              [0.211693, 0.0512086, 0.115102, 0.621996], 
              [0.147405, 0.0846084, 0.143374, 0.624612], 
              [0.170338, 0.1358, 0.0919027, 0.601959], 
              [0.145145, 0.253174, 0.108265, 0.493416], 
              [0.203493, 0.238159, 0.17365, 0.384697], 
              [0.248952, 0.23937, 0.19572, 0.315959], 
              [0.261394, 0.257833, 0.221017, 0.259755], 
              [0.296347, 0.268852, 0.180226, 0.254576], 
              [0.273631, 0.238498, 0.22057, 0.267301]
            ]
          }, {
            "db": 0,
            "id": "matrix117_length=15",
            "len": 15,
            "evalue": "1.0e+000",
            "pwm": [
              [0.273791, 0.238782, 0.236519, 0.250907], 
              [0.266154, 0.225299, 0.243085, 0.265462], 
              [0.308455, 0.175719, 0.204656, 0.31117], 
              [0.263947, 0.161981, 0.248879, 0.325193], 
              [0.248714, 0.285022, 0.160841, 0.305423], 
              [0.463572, 0.160903, 0.204233, 0.171291], 
              [0.408208, 0.288009, 0.237581, 0.066202], 
              [0.0368092, 0.0860678, 0.779102, 0.0980212], 
              [0.0110729, 0.0157058, 0.933279, 0.0399427], 
              [0.747312, 0.0185091, 0.142902, 0.0912768], 
              [0.117444, 0.141598, 0.561124, 0.179834], 
              [0.305707, 0.206439, 0.190262, 0.297592], 
              [0.23588, 0.270696, 0.246785, 0.246639], 
              [0.258876, 0.253489, 0.218172, 0.269463], 
              [0.268094, 0.279822, 0.194893, 0.257191]
            ]
          }, {
            "db": 0,
            "id": "matrix118_length=15",
            "len": 15,
            "evalue": "1.0e+000",
            "pwm": [
              [0.26196, 0.235044, 0.238208, 0.264788], 
              [0.260393, 0.162148, 0.34108, 0.236378], 
              [0.307149, 0.20527, 0.219439, 0.268143], 
              [0.216225, 0.313161, 0.105102, 0.365513], 
              [0.205139, 0.156878, 0.473714, 0.164269], 
              [0.072993, 0.477566, 0.0499483, 0.399493], 
              [0.0489753, 0.755978, 0.181707, 0.01334], 
              [0.638891, 0.104229, 0.196748, 0.0601319], 
              [0.50368, 0.2474, 0.181563, 0.0673571], 
              [0.239492, 0.14956, 0.452592, 0.158357], 
              [0.425648, 0.249813, 0.187266, 0.137273], 
              [0.237014, 0.272676, 0.201634, 0.288676], 
              [0.276258, 0.2571, 0.195633, 0.27101], 
              [0.270941, 0.20354, 0.237484, 0.288035], 
              [0.247465, 0.242252, 0.174215, 0.336068]
            ]
          }, {
            "db": 0,
            "id": "matrix119_length=15",
            "len": 15,
            "evalue": "1.0e+000",
            "pwm": [
              [0.263153, 0.230182, 0.2882, 0.218466], 
              [0.274687, 0.203455, 0.241176, 0.280682], 
              [0.131732, 0.535488, 0.22944, 0.103341], 
              [0.0564727, 0.847448, 0.0248044, 0.0712754], 
              [0.0658235, 0.0830404, 0.785691, 0.0654447], 
              [0.443574, 0.135004, 0.207081, 0.214342], 
              [0.242125, 0.13985, 0.106458, 0.511567], 
              [0.544061, 0.114634, 0.208531, 0.132774], 
              [0.324243, 0.178582, 0.19249, 0.304684], 
              [0.259047, 0.27956, 0.222833, 0.23856], 
              [0.208788, 0.205175, 0.204235, 0.381801], 
              [0.0662281, 0.559254, 0.301472, 0.0730461], 
              [0.101475, 0.857326, 0.00599312, 0.035206], 
              [0.206269, 0.140905, 0.507723, 0.145103], 
              [0.27267, 0.20512, 0.267332, 0.254878]
            ]
          }, {
            "db": 0,
            "id": "matrix11_length=15",
            "len": 15,
            "evalue": "1.0e+000",
            "pwm": [
              [0.252962, 0.234137, 0.262432, 0.250468], 
              [0.255346, 0.245332, 0.266721, 0.232602], 
              [0.245589, 0.242232, 0.268961, 0.243217], 
              [0.245186, 0.220059, 0.269109, 0.265646], 
              [0.266176, 0.24137, 0.307322, 0.185132], 
              [0.0989297, 0.662742, 0.0514345, 0.186893], 
              [0.011834, 0.72002, 0.011517, 0.256629], 
              [0.0712648, 0.859445, 0.0369221, 0.032368], 
              [0.0261432, 0.917853, 0.0225824, 0.0334219], 
              [0.0770025, 0.0944143, 0.016964, 0.811619], 
              [0.479526, 0.0561416, 0.145762, 0.31857], 
              [0.180661, 0.0782747, 0.102028, 0.639037], 
              [0.249716, 0.248863, 0.149255, 0.352166], 
              [0.245189, 0.280044, 0.203509, 0.271259], 
              [0.256094, 0.239382, 0.246598, 0.257926]
            ]
          }, {
            "db": 0,
            "id": "matrix120_length=15",
            "len": 15,
            "evalue": "1.0e+000",
            "pwm": [
              [0.268499, 0.134521, 0.229315, 0.367665], 
              [0.0412699, 0.696023, 0.256968, 0.00573888], 
              [0.0910504, 0.0248782, 0.814704, 0.0693677], 
              [0.0512643, 0.706833, 0.0035824, 0.23832], 
              [0.0954175, 0.0145581, 0.856776, 0.0332482], 
              [0.169976, 0.161022, 0.103313, 0.565688], 
              [0.167148, 0.358564, 0.118565, 0.355723], 
              [0.179128, 0.260936, 0.213276, 0.34666], 
              [0.158594, 0.315213, 0.257198, 0.268995], 
              [0.220704, 0.246781, 0.27666, 0.255854], 
              [0.228096, 0.243491, 0.263662, 0.264751], 
              [0.259856, 0.266353, 0.210281, 0.26351], 
              [0.255089, 0.234608, 0.261734, 0.248569], 
              [0.265806, 0.260406, 0.22242, 0.251368], 
              [0.251304, 0.245247, 0.24289, 0.260559]
            ]
          }, {
            "db": 0,
            "id": "matrix121_length=15",
            "len": 15,
            "evalue": "1.0e+000",
            "pwm": [
              [0.257474, 0.254422, 0.226758, 0.261346], 
              [0.253088, 0.242716, 0.235743, 0.268453], 
              [0.238893, 0.256313, 0.247349, 0.257445], 
              [0.267975, 0.22999, 0.258144, 0.243891], 
              [0.315872, 0.212419, 0.235708, 0.236002], 
              [0.274811, 0.244559, 0.22031, 0.26032], 
              [0.287978, 0.140106, 0.219081, 0.352835], 
              [0.172888, 0.122387, 0.110807, 0.593918], 
              [0.0419521, 0.141197, 0.0385646, 0.778286], 
              [0.108526, 0.0736545, 0.0471979, 0.770622], 
              [0.0246141, 0.641753, 0.290007, 0.0436266], 
              [0.030595, 0.0825479, 0.840214, 0.0466427], 
              [0.0521947, 0.59825, 0.0288339, 0.320722], 
              [0.112034, 0.0417445, 0.772913, 0.0733082], 
              [0.240582, 0.172722, 0.16896, 0.417736]
            ]
          }, {
            "db": 0,
            "id": "matrix122_length=15",
            "len": 15,
            "evalue": "1.0e+000",
            "pwm": [
              [0.233519, 0.365713, 0.21033, 0.190437], 
              [0.335644, 0.173501, 0.188508, 0.302347], 
              [0.206331, 0.146199, 0.28219, 0.365281], 
              [0.104888, 0.345862, 0.130159, 0.419091], 
              [0.0594588, 0.175591, 0.219549, 0.545402], 
              [0.152396, 0.365899, 0.14126, 0.340445], 
              [0.276449, 0.212724, 0.297467, 0.21336], 
              [0.286704, 0.264992, 0.358743, 0.0895609], 
              [0.150458, 0.152286, 0.465498, 0.231758], 
              [0.384897, 0.0196109, 0.49474, 0.100753], 
              [0.141732, 0.192845, 0.033838, 0.631586], 
              [0.0416822, 0.133991, 0.699438, 0.124889], 
              [0.142753, 0.363792, 0.253821, 0.239634], 
              [0.272301, 0.400538, 0.15882, 0.168342], 
              [0.324871, 0.185508, 0.166659, 0.322962]
            ]
          }, {
            "db": 0,
            "id": "matrix123_length=15",
            "len": 15,
            "evalue": "1.0e+000",
            "pwm": [
              [0.0528381, 0.21943, 0.381183, 0.346549], 
              [0.0967967, 0.663408, 0.0745875, 0.165208], 
              [0.256462, 0.0481537, 0.617866, 0.0775182], 
              [0.200658, 0.223911, 0.301105, 0.274327], 
              [0.180059, 0.152506, 0.316931, 0.350504], 
              [0.255294, 0.23648, 0.319494, 0.188733], 
              [0.143208, 0.37432, 0.0465516, 0.435921], 
              [0.164529, 0.0951918, 0.505232, 0.235047], 
              [0.367858, 0.279406, 0.199812, 0.152925], 
              [0.152867, 0.148299, 0.445782, 0.253052], 
              [0.116325, 0.534101, 0.151053, 0.198521], 
              [0.342904, 0.237811, 0.322253, 0.0970316], 
              [0.156517, 0.598546, 0.151762, 0.0931748], 
              [0.365963, 0.158335, 0.372097, 0.103605], 
              [0.270903, 0.196086, 0.237962, 0.295049]
            ]
          }, {
            "db": 0,
            "id": "matrix124_length=15",
            "len": 15,
            "evalue": "1.0e+000",
            "pwm": [
              [0.214507, 0.279576, 0.226352, 0.279564], 
              [0.26159, 0.235861, 0.23856, 0.26399], 
              [0.171627, 0.326139, 0.186999, 0.315235], 
              [0.13765, 0.336271, 0.281901, 0.244178], 
              [0.348628, 0.155833, 0.428015, 0.0675232], 
              [0.315557, 0.143085, 0.3352, 0.206158], 
              [0.0169751, 0.835647, 0.0665435, 0.0808345], 
              [0.112543, 0.659468, 0.180167, 0.0478212], 
              [0.719869, 0.0183291, 0.0293181, 0.232484], 
              [0.852477, 0.00733079, 0.119591, 0.0206017], 
              [0.0547809, 0.158015, 0.0100608, 0.777143], 
              [0.203881, 0.378285, 0.281554, 0.13628], 
              [0.526729, 0.106236, 0.297323, 0.0697125], 
              [0.258168, 0.206097, 0.322357, 0.213378], 
              [0.360509, 0.231071, 0.232672, 0.175748]
            ]
          }, {
            "db": 0,
            "id": "matrix125_length=15",
            "len": 15,
            "evalue": "1.0e+000",
            "pwm": [
              [0.251842, 0.252299, 0.25789, 0.237969], 
              [0.255999, 0.269162, 0.227032, 0.247807], 
              [0.254056, 0.271578, 0.24397, 0.230396], 
              [0.247339, 0.252735, 0.250598, 0.249327], 
              [0.257871, 0.26231, 0.2507, 0.229119], 
              [0.264942, 0.257465, 0.244188, 0.233405], 
              [0.181911, 0.328022, 0.273969, 0.216098], 
              [0.303274, 0.120585, 0.455068, 0.121073], 
              [0.245646, 0.326571, 0.104245, 0.323539], 
              [0.36629, 0.104442, 0.45502, 0.0742476], 
              [0.149457, 0.517781, 0.140151, 0.192611], 
              [0.0258815, 0.0192047, 0.914255, 0.0406587], 
              [0.0752741, 0.0677416, 0.770437, 0.0865476], 
              [0.086429, 0.798262, 0.0607216, 0.0545877], 
              [0.188649, 0.0514139, 0.320027, 0.43991]
            ]
          }, {
            "db": 0,
            "id": "matrix126_length=15",
            "len": 15,
            "evalue": "1.0e+000",
            "pwm": [
              [0.0529627, 0.516944, 0.0744916, 0.355602], 
              [0.130039, 0.462142, 0.0745805, 0.333238], 
              [0.281281, 0.284481, 0.259843, 0.174395], 
              [0.177994, 0.308295, 0.32373, 0.189981], 
              [0.416198, 0.00863659, 0.451033, 0.124132], 
              [0.0562465, 0.450848, 0.0771666, 0.415738], 
              [0.0916114, 0.278922, 0.183035, 0.446431], 
              [0.272269, 0.319814, 0.182505, 0.225412], 
              [0.248295, 0.225188, 0.297138, 0.229379], 
              [0.515856, 0.0718933, 0.260704, 0.151547], 
              [0.295785, 0.243671, 0.18381, 0.276735], 
              [0.11547, 0.439782, 0.0627862, 0.381962], 
              [0.188682, 0.393486, 0.183478, 0.234354], 
              [0.182839, 0.251249, 0.222336, 0.343576], 
              [0.351397, 0.315336, 0.13606, 0.197208]
            ]
          }, {
            "db": 0,
            "id": "matrix127_length=15",
            "len": 15,
            "evalue": "1.0e+000",
            "pwm": [
              [0.0846805, 0.304523, 0.237423, 0.373374], 
              [0.0562023, 0.293455, 0.161154, 0.489189], 
              [0.10057, 0.136484, 0.494145, 0.268801], 
              [0.35074, 0.28905, 0.146772, 0.213438], 
              [0.395599, 0.245994, 0.143391, 0.215016], 
              [0.156627, 0.260378, 0.199293, 0.383701], 
              [0.311604, 0.015272, 0.402845, 0.270279], 
              [0.239653, 0.157469, 0.248007, 0.354872], 
              [0.0954888, 0.394309, 0.241745, 0.268458], 
              [0.366625, 0.117407, 0.381756, 0.134212], 
              [0.334023, 0.174674, 0.238543, 0.252761], 
              [0.476236, 0.0806594, 0.243034, 0.200071], 
              [0.220768, 0.0620614, 0.571497, 0.145674], 
              [0.279605, 0.230674, 0.343928, 0.145793], 
              [0.30969, 0.284805, 0.286465, 0.119041]
            ]
          }, {
            "db": 0,
            "id": "matrix128_length=15",
            "len": 15,
            "evalue": "1.0e+000",
            "pwm": [
              [0.260897, 0.221819, 0.191845, 0.325439], 
              [0.255523, 0.274623, 0.219373, 0.250482], 
              [0.332335, 0.219023, 0.181544, 0.267099], 
              [0.227704, 0.297051, 0.199656, 0.275589], 
              [0.276874, 0.311056, 0.173754, 0.238316], 
              [0.31554, 0.224285, 0.192629, 0.267547], 
              [0.210543, 0.244577, 0.233172, 0.311708], 
              [0.131447, 0.237663, 0.207391, 0.423499], 
              [0.278734, 0.0309036, 0.36727, 0.323093], 
              [0.232176, 0.0360125, 0.352488, 0.379324], 
              [0.00681144, 0.91753, 0.0657053, 0.00995338], 
              [0.0888591, 0.0926181, 0.805795, 0.0127282], 
              [0.287897, 0.0086553, 0.0382703, 0.665177], 
              [0.107794, 0.257329, 0.492181, 0.142695], 
              [0.238193, 0.33366, 0.188199, 0.239948]
            ]
          }, {
            "db": 0,
            "id": "matrix129_length=15",
            "len": 15,
            "evalue": "1.0e+000",
            "pwm": [
              [0.169203, 0.258831, 0.37951, 0.192455], 
              [0.20397, 0.269627, 0.277315, 0.249089], 
              [0.153396, 0.213455, 0.334771, 0.298378], 
              [0.186035, 0.207362, 0.19823, 0.408373], 
              [0.153505, 0.223547, 0.136706, 0.486242], 
              [0.0712092, 0.873844, 0.0105344, 0.044412], 
              [0.0734532, 0.749835, 0.155452, 0.0212602], 
              [0.026615, 0.0216723, 0.877347, 0.0743652], 
              [0.587689, 0.0626082, 0.197781, 0.151922], 
              [0.439596, 0.165576, 0.23676, 0.158068], 
              [0.272329, 0.325657, 0.24724, 0.154773], 
              [0.236009, 0.30854, 0.278552, 0.176898], 
              [0.258006, 0.225473, 0.255638, 0.260883], 
              [0.306237, 0.23671, 0.231993, 0.225059], 
              [0.267924, 0.201555, 0.261473, 0.269048]
            ]
          }, {
            "db": 0,
            "id": "matrix12_length=15",
            "len": 15,
            "evalue": "1.0e+000",
            "pwm": [
              [0.243716, 0.315433, 0.246777, 0.194075], 
              [0.212271, 0.281514, 0.305762, 0.200454], 
              [0.177909, 0.344573, 0.226212, 0.251305], 
              [0.159171, 0.265134, 0.376605, 0.19909], 
              [0.159657, 0.362641, 0.384228, 0.0934737], 
              [0.203909, 0.269436, 0.281912, 0.244743], 
              [0.318313, 0.216556, 0.308124, 0.157007], 
              [0.13978, 0.23412, 0.282894, 0.343206], 
              [0.0961352, 0.041434, 0.377666, 0.484765], 
              [0.563551, 0.21585, 0.147947, 0.0726518], 
              [0.0893144, 0.633013, 0.155635, 0.122038], 
              [0.222493, 0.418314, 0.192516, 0.166677], 
              [0.260962, 0.393856, 0.17731, 0.167872], 
              [0.219255, 0.303053, 0.241681, 0.23601], 
              [0.33993, 0.235997, 0.22035, 0.203723]
            ]
          }, {
            "db": 0,
            "id": "matrix130_length=15",
            "len": 15,
            "evalue": "1.0e+000",
            "pwm": [
              [0.126082, 0.368149, 0.359463, 0.146306], 
              [0.152428, 0.340657, 0.333058, 0.173857], 
              [0.123098, 0.463983, 0.221017, 0.191902], 
              [0.15702, 0.327203, 0.281553, 0.234224], 
              [0.20888, 0.290006, 0.200606, 0.300509], 
              [0.298949, 0.254457, 0.202154, 0.244441], 
              [0.363752, 0.168807, 0.223082, 0.244359], 
              [0.366348, 0.179388, 0.262013, 0.192251], 
              [0.362013, 0.152824, 0.288799, 0.196364], 
              [0.255048, 0.223963, 0.331475, 0.189513], 
              [0.204678, 0.27294, 0.316825, 0.205558], 
              [0.134563, 0.347981, 0.311484, 0.205972], 
              [0.178516, 0.279184, 0.290875, 0.251425], 
              [0.155652, 0.292788, 0.276767, 0.274793], 
              [0.194956, 0.328179, 0.253526, 0.223339]
            ]
          }, {
            "db": 0,
            "id": "matrix131_length=15",
            "len": 15,
            "evalue": "1.0e+000",
            "pwm": [
              [0.326674, 0.239961, 0.315105, 0.11826], 
              [0.233777, 0.35627, 0.21467, 0.195282], 
              [0.18144, 0.423522, 0.194704, 0.200333], 
              [0.132041, 0.332928, 0.208869, 0.326163], 
              [0.22074, 0.263388, 0.195327, 0.320544], 
              [0.25563, 0.403619, 0.041937, 0.298814], 
              [0.165019, 0.285672, 0.0216, 0.52771], 
              [0.434247, 0.134679, 0.267581, 0.163493], 
              [0.480595, 0.130261, 0.254638, 0.134507], 
              [0.287425, 0.21807, 0.3592, 0.135304], 
